% The element mass matrix

m0 = [4/9 0 2/9 0 1/9 0 2/9 0 
   0 4/9 0 2/9 0 1/9 0 2/9 
   2/9 0 4/9 0 2/9 0 1/9 0 
   0 2/9 0 4/9 0 2/9 0 1/9 
   1/9 0 2/9 0 4/9 0 2/9 0 
   0 1/9 0 2/9 0 4/9 0 2/9 
   2/9 0 1/9 0 2/9 0 4/9 0 
   0 2/9 0 1/9 0 2/9 0 4/9]/4/(nelx*nely); 

